{
	"asset":
	{
		"generator": "Unreal Engine glTFRuntime Plugin",
		"version": "2.0"
	},
	"skins": [
		{
			"name": "SK_Human_Skeleton",
			"inverseBindMatrices": 0,
			"joints": [ 0, 1, 2, 3, 4, 5, 6, 7, 8, 9, 10, 11, 12, 13, 14, 15, 16, 17, 18, 19, 20, 21, 22, 23, 24, 25, 26, 27, 28, 29, 30, 31, 32, 33, 34, 35, 36, 37, 38, 39, 40, 41, 42, 43, 44, 45, 46, 47, 48, 49, 50, 51, 52, 53, 54, 55, 56, 57, 58, 59, 60, 61, 62, 63, 64, 65, 66, 67, 68, 69, 70, 71, 72, 73, 74, 75, 76, 77, 78, 79, 80, 81, 82, 83, 84, 85, 86, 87, 88, 89, 90, 91, 92, 93, 94, 95, 96, 97, 98, 99, 100, 101, 102, 103, 104, 105, 106, 107, 108, 109, 110, 111, 112, 113, 114, 115, 116, 117, 118, 119, 120, 121, 122, 123, 124, 125, 126, 127, 128, 129, 130, 131, 132, 133, 134, 135, 136, 137, 138, 139, 140, 141, 142, 143, 144, 145, 146, 147, 148, 149, 150, 151, 152, 153, 154, 155, 156, 157, 158, 159, 160, 161, 162, 163, 164, 165, 166, 167, 168, 169, 170, 171, 172, 173, 174, 175, 176, 177, 178, 179, 180, 181, 182, 183, 184, 185, 186, 187, 188, 189, 190, 191, 192, 193, 194, 195, 196, 197, 198, 199, 200, 201, 202, 203, 204, 205, 206, 207, 208, 209, 210, 211, 212, 213, 214, 215, 216, 217, 218, 219, 220, 221, 222, 223, 224, 225, 226, 227, 228, 229, 230, 231, 232, 233, 234, 235, 236, 237, 238, 239, 240, 241, 242, 243, 244, 245, 246, 247, 248, 249, 250, 251, 252, 253, 254, 255, 256, 257, 258, 259, 260, 261, 262, 263, 264, 265, 266, 267, 268, 269, 270, 271, 272, 273, 274, 275, 276, 277, 278, 279, 280, 281, 282, 283, 284, 285, 286, 287, 288, 289, 290, 291, 292, 293, 294, 295, 296, 297, 298, 299, 300, 301, 302, 303, 304, 305, 306, 307, 308, 309, 310, 311, 312, 313, 314, 315, 316, 317, 318, 319, 320, 321, 322, 323, 324, 325, 326, 327, 328, 329, 330, 331, 332, 333, 334, 335, 336, 337, 338, 339, 340, 341, 342 ]
		}
	],
	"scenes": [],
	"nodes": [
		{
			"name": "root",
			"children": [ 1, 342 ],
			"matrix": [ 0.99999999999998668, 1.6292068494294542e-07, 0, 0, -1.6292068494294542e-07, 0.99999999999998668, 0, 0, 0, 0, 1, 0, 3.8191668658973597e-16, 2.8421709430404008e-16, -2.3457058517806217e-10, 1 ]
		},
		{
			"name": "pelvis",
			"children": [ 2, 276, 309 ],
			"matrix": [ 0.99570189191253577, -0.092613528194835301, 1.3551219413151623e-09, 0, -9.1702625354406209e-09, -8.3958855423560408e-08, 0.99999999999999645, 0, -0.092613550275625914, -0.99570212930641921, -8.4447301595957924e-08, 0, 0.022402148246765136, 0.91354156494140626, 2.2404197608238973e-10, 1 ]
		},
		{
			"name": "spine_01",
			"children": [ 3 ],
			"matrix": [ 0.99991952162430542, 5.5913912495799983e-10, 0.012686617934666957, 0, -5.6034642234228186e-10, 1, 9.1608466525170109e-11, 0, -0.012686617934666957, -9.8709994995898339e-11, 0.99991952162430542, 0, 2.3746406441205182e-08, -2.4698098854969432e-09, -0.034409401416778562, 1 ]
		},
		{
			"name": "spine_02",
			"children": [ 4 ],
			"matrix": [ 0.99997454676887443, 3.1524810445808302e-10, 0.0071264721355040273, 0, -3.2125198176470431e-10, 1, 8.4132797991440762e-10, 0, -0.0071264725602748925, -8.4359600897764454e-10, 0.99997460637200564, 0, -5.8283859516450322e-09, -2.9077867225169032e-09, -0.063123545646667487, 1 ]
		},
		{
			"name": "spine_03",
			"children": [ 5 ],
			"matrix": [ 0.98302322323635716, -8.1593841555085329e-09, -0.18348085286676896, 0, 8.362506141863116e-09, 1, 3.3329682876495433e-10, 0, 0.18348085286676896, -1.8619982819196198e-09, 0.98302322323635727, 0, 2.9861353141313883e-08, -2.4144864596564731e-09, -0.068872089385986324, 1 ]
		},
		{
			"name": "spine_04",
			"children": [ 6 ],
			"matrix": [ 0.99498640833616425, -4.4603374023019608e-09, -0.10001142757151917, 0, 4.321895611779748e-09, 1, -1.6009171573808741e-09, 0, 0.10001141564922936, 1.1606517241564932e-09, 0.99498628972455549, 0, -3.7701772725995396e-08, -3.5456574210002144e-09, -0.081606321334838874, 1 ]
		},
		{
			"name": "spine_05",
			"children": [ 7, 10, 141, 272, 273, 274, 275 ],
			"matrix": [ 0.99877074444532454, 1.390519008997136e-09, -0.049566932836785364, 0, -1.3003422110391134e-09, 1, 1.8515418564654829e-09, 0, 0.049566941700044165, -1.7848121824635463e-09, 0.99877092303946147, 0, -6.7868468249798751e-08, 6.5570503693379581e-09, -0.18378110885620116, 1 ]
		},
		{
			"name": "neck_01",
			"children": [ 8 ],
			"matrix": [ 0.91214855643082904, 1.5544914604819175e-08, 0.40985960009723849, 0, -1.5340309830943599e-08, 0.99999999999999989, -3.7873289705890384e-09, 0, -0.40985960009723849, -2.8327665994268313e-09, 0.91214855643082926, 0, 0.011416364908218384, -4.1644374141469601e-06, -0.11643932342529296, 1 ]
		},
		{
			"name": "neck_02",
			"children": [ 9 ],
			"matrix": [ 0.99999988079067026, 6.7503912911975812e-13, 2.8357302456379837e-07, 0, -6.7484583790060959e-13, 1, -6.8191136080717983e-10, 0, -2.835730414660702e-07, 6.8191131997069988e-10, 0.99999994039531503, 0, -1.285887719859602e-07, -2.2974239755058079e-09, -0.050540156364440918, 1 ]
		},
		{
			"name": "head",
			"matrix": [ 0.97995352266274993, -9.1813722497794108e-09, -0.19922593759744528, 0, -1.2679792489605026e-08, 0.999999999999994, -1.0845465117227564e-07, 0, 0.19922592572265319, 1.0880665452733111e-07, 0.97995346425295882, 0, -4.8463098210049791e-08, -4.0802254375194028e-09, -0.051880145072937013, 1 ]
		},
		{
			"name": "clavicle_l",
			"children": [ 11, 139, 140 ],
			"matrix": [ 0.97472446370700883, -0.045439804065175823, 0.21874031372455441, 0, 0.21035919096226999, -0.14307154817997994, -0.96709833277244706, 0, 0.075240283056225613, 0.98866855704797596, -0.12989667313571837, 0, -0.0073341196775436402, -0.01206467866897583, -0.054867210388183596, 1 ]
		},
		{
			"name": "upperarm_l",
			"children": [ 12, 128, 130, 134 ],
			"matrix": [ 0.99690684454432399, 0.07794720596644196, 0.010036830383112406, 0, -0.046180852756834485, 0.68433327271324751, -0.72770566791445368, 0, -0.063591175724933252, 0.72499142462294419, 0.68581635547012854, 0, -4.2898350329778623e-08, -0.0034120845794677734, -0.17015073776245118, 1 ]
		},
		{
			"name": "lowerarm_l",
			"children": [ 13, 121, 122, 123 ],
			"matrix": [ 0.78010237725463694, -2.4177698155066844e-08, 0.62565207537437051, 0, -1.8518795895559656e-07, 1.000000119209236, 2.6954800390705326e-07, 0, -0.62565207537434364, -3.2613823060834035e-07, 0.78010237725459075, 0, -4.7820317377045287e-08, 1.3863082131138072e-07, -0.26972812652587891, 1 ]
		},
		{
			"name": "hand_l",
			"children": [ 14, 36, 58, 80, 97, 119, 120 ],
			"matrix": [ 0.58428217534711191, 0.8094269704975976, -0.058670263280832302, 0, -0.81148435780196448, 0.58362882554665529, -0.029502742660288531, 0, 0.010361342475385883, 0.064847935311253851, 0.99784136407946888, 0, 3.0660532502224668e-07, -1.3675051377504133e-07, -0.25201753616333006, 1 ]
		},
		{
			"name": "middle_metacarpal_l",
			"children": [ 15, 35 ],
			"matrix": [ 0.94413416751942969, 0.32701375342762257, -0.040901310616713239, 0, -0.32619616759207348, 0.94495893493954597, 0.025466690340069521, 0, 0.046978005713054966, -0.010702119159447371, 0.99883841235551429, 0, 0.0028781446814537047, -0.00065578304231166844, -0.032974553108215329, 1 ]
		},
		{
			"name": "middle_01_l",
			"children": [ 16, 28, 29, 30, 33, 34 ],
			"matrix": [ 0.93773181539492512, -6.2801470944885002e-07, -0.34736010478427681, 0, 0.013728399252804779, 0.99921876376771879, 0.037059319859751638, 0, 0.34708871121097229, -0.03952040149236076, 0.93699923394621243, 0, 2.9697306454181673e-05, 0.0023906557261943817, -0.061183400154113769, 1 ]
		},
		{
			"name": "middle_02_l",
			"children": [ 17, 22, 23, 24, 27 ],
			"matrix": [ 0.90327517664371082, 8.0662840584677437e-08, -0.42906143714006945, 0, -2.268900577443337e-08, 1.0000001192092793, 1.402326783379108e-07, 0, 0.42906153943630682, -1.1693373381162666e-07, 0.90327539200131335, 0, -1.9594494006014428e-07, 3.2378677587985292e-08, -0.042610130310058593, 1 ]
		},
		{
			"name": "middle_03_l",
			"children": [ 18, 21 ],
			"matrix": [ 0.99999976157442816, 2.3429140426051944e-07, -3.732365247984945e-06, 0, -2.3428322391838708e-07, 0.99999976157899162, 2.1917311698155653e-06, 0, 3.7323670962781043e-06, -2.1917310791934885e-06, 1.0000001191999224, 0, 1.3264535709822666e-08, -1.9436417630913639e-09, -0.026120083332061769, 1 ]
		},
		{
			"name": "middle_03_half_l",
			"children": [ 19, 20 ],
			"matrix": [ 1.0000001191743388, 1.4855761157187637e-08, 8.3606974470813567e-06, 0, -1.4818590691519545e-08, 1.0000001191994066, -4.4458576219899634e-06, 0, -8.3606965163726266e-06, 4.4458569679533876e-06, 0.99999999995516653, 0, 1.0373680197517388e-07, -1.273012230740278e-08, 9.5394907475565558e-08, 1 ]
		},
		{
			"name": "middle_03_in_l",
			"matrix": [ 0.12872551436483431, 0.99102104645694211, 0.036151185618316831, 0, -0.97799409992107611, 0.12082904649854409, 0.17008198623551152, 0, 0.16418674405341294, -0.057249547639240034, 0.98476669358322366, 0, -0.0079923772811889646, -6.4722867682576184e-06, 0.0017630164325237274, 1 ]
		},
		{
			"name": "middle_02_dip_l",
			"matrix": [ 0.019567681601528032, -0.99906082543592123, -0.038658164813545455, 0, 0.9996329015798473, 0.02027432656731698, -0.017972583601061767, 0, 0.018739473582575522, -0.038292293951252554, 0.99909085290267707, 0, 0.0075893342494964605, 0.00017393521964550017, 0.0013773645460605621, 1 ]
		},
		{
			"name": "middle_03_bulge_l",
			"matrix": [ 0.098905400651041697, 0.99492479273752044, 0.018516353730529359, 0, -0.98136484472180718, 0.094443012317937863, 0.16734335178623244, 0, 0.1647452700901304, -0.034722451579803006, 0.98572490369159871, 0, -0.0095552921295166023, -0.00033881306648254395, -0.0081049937009811408, 1 ]
		},
		{
			"name": "middle_02_side_inn_l",
			"matrix": [ 0.06690787894027049, -0.011494554027216946, -0.99769288448607463, 0, 0.14045684181985485, -0.98986767122338004, 0.02082379970685071, 0, -0.98782341021087605, -0.14152608480214168, -0.064615465259074925, 0, -0.000207433570176363, -0.0088299775123596193, -0.014110344648361207, 1 ]
		},
		{
			"name": "middle_02_side_out_l",
			"matrix": [ -0.022990683826063597, -0.0033701407941834024, 0.99973023733677913, 0, -0.095299244238511605, 0.99544786928126994, 0.0011641187153622985, 0, -0.99518307990434274, -0.095246755143816628, -0.023207194948868064, 0, 0.0014030146598815918, 0.0081863427162170415, -0.013947885036468505, 1 ]
		},
		{
			"name": "middle_02_half_l",
			"children": [ 25, 26 ],
			"matrix": [ 0.99999994039307494, -8.5885008836431305e-07, 1.955226877111923e-06, 0, 8.5885227226348339e-07, 0.99999976158033743, -1.1954993064393285e-06, 0, -1.9552258503548745e-06, 1.1955011994600344e-06, 0.99999994039272921, 0, 1.5783951312187128e-07, 6.9613697633030831e-08, 6.0515765198942976e-09, 1 ]
		},
		{
			"name": "middle_02_in_l",
			"matrix": [ 0.12932944780065569, 0.99134381628829793, 0.022612647755874085, 0, -0.9912525076882861, 0.12864521613301741, 0.029474652813695268, 0, 0.026310510550892407, -0.026226789055708109, 0.99930983733223211, 0, -0.0085058635473251338, -0.00083619952201843264, -0.0016156277060508728, 1 ]
		},
		{
			"name": "middle_02_pip_l",
			"matrix": [ 0.027313403783413528, -0.99958288457172395, -0.0093763338117874226, 0, 0.97791585801371261, 0.024774719966972638, 0.20752510375030905, 0, -0.20720625813373167, -0.014837483362887044, 0.97818469445620926, 0, 0.0078884363174438477, 0.00029342204332351686, 0.0040313398838043215, 1 ]
		},
		{
			"name": "middle_02_bulge_l",
			"matrix": [ 0.098906742606291703, 0.99492433185304685, 0.018517854748732701, 0, -0.9935859823031894, 0.097714503249227314, 0.056908111959529391, 0, 0.054809818624935919, -0.024027684043265402, 0.99820779029238793, 0, -0.009284378290176391, -0.0005946379527449608, -0.014187750816345214, 1 ]
		},
		{
			"name": "middle_01_side_inn_l",
			"matrix": [ 0.023527658173339478, -0.016957022702160086, -0.99957960439335336, 0, -0.17097102989485163, -0.98519446859253113, 0.012688751316363376, 0, -0.9849951083486459, 0.17060055680988367, -0.026078469000261117, 0, -0.0013431684672832488, -0.0098430085182189941, -0.027499163150787355, 1 ]
		},
		{
			"name": "middle_01_side_out_l",
			"matrix": [ 0.014141104004487426, 0.009794170922478234, 0.99985215997769838, 0, -0.024724068034913324, 0.99964983761841097, -0.0094425117359122138, 0, -0.99959429261613764, -0.024586879425653317, 0.014378300642009623, 0, 0.0030896514654159546, 0.0087875926494598387, -0.028535714149475099, 1 ]
		},
		{
			"name": "middle_01_half_l",
			"children": [ 31, 32 ],
			"matrix": [ 0.9999998211849378, -2.2518282266443962e-07, -1.4849258971762864e-06, 0, 2.2518384988137912e-07, 0.99999999999975375, 6.646464532166703e-07, 0, 1.4849260130344187e-06, -6.6464678759731075e-07, 0.99999999999867661, 0, -1.4955186998122371e-07, 4.5352403503784447e-08, 1.0816052053996827e-08, 1 ]
		},
		{
			"name": "middle_01_palm_l",
			"matrix": [ -0.10521923342100184, 0.9895893096879298, 0.098191412261087088, 0, -0.91770120064856997, -0.058587651961151455, -0.39292746578198423, 0, -0.38308403816708564, -0.13145391150028016, 0.91431189997413387, 0, -0.016396607160568236, -0.0023352856934070586, -0.00062709689140319827, 1 ]
		},
		{
			"name": "middle_01_mcp_l",
			"matrix": [ -0.10708420419367351, -0.99337704508318225, -0.04165213445583834, 0, 0.99266279747213482, -0.10445328608203105, -0.060909460120534518, 0, 0.056155360543025917, -0.047868968227704548, 0.997273792974533, 0, 0.012786620855331421, -0.00071589067578315736, 0.0034471186995506287, 1 ]
		},
		{
			"name": "middle_01_bulge_l",
			"matrix": [ 0.099714464931332292, 0.99408120358957486, 0.043122919119196898, 0, -0.99470967334207283, 0.10066547465864768, -0.020469703519356966, 0, -0.024689538105055711, -0.040853661691945264, 0.9988600527774244, 0, -0.0080022257566452031, 0.00044191952794790266, -0.026729149818420412, 1 ]
		},
		{
			"name": "middle_01_palmMid_l",
			"matrix": [ 0.097737907932708645, 0.98877015053358974, 0.11305260176890848, 0, -0.93392742588822464, 0.13037265803724607, -0.33284045972310988, 0, -0.34384163866561007, -0.073051786442854011, 0.93618180072956758, 0, -0.0094281840324401851, -0.0013269488513469696, -0.013745646476745605, 1 ]
		},
		{
			"name": "middle_metacarpal_slide_l",
			"matrix": [ -0.079241429934844509, -0.99355149787456554, -0.081093876791585598, 0, 0.9683204335772635, -0.096042796579877271, 0.23050283633927515, 0, -0.23680492102179046, -0.060259483579727782, 0.96968678573916922, 0, 0.004937894940376282, -0.00056492220610380171, -0.028562378883361817, 1 ]
		},
		{
			"name": "pinky_metacarpal_l",
			"children": [ 37, 57 ],
			"matrix": [ 0.89118328638741207, 0.44546649828901336, -0.08574350684370366, 0, -0.39217795888997153, 0.85154786873926136, 0.3479401071717384, 0, 0.22801040243852158, -0.27645174410669016, 0.93358753717056042, 0, -0.00672931969165802, 0.023760619163513186, -0.031422920227050781, 1 ]
		},
		{
			"name": "pinky_01_l",
			"children": [ 38, 50, 51, 52, 55, 56 ],
			"matrix": [ 0.95791217949208074, 2.0954387887454436e-07, -0.2870612080574485, 0, 1.6004859543328974e-07, 0.99999999999918832, 1.2640383568576983e-06, 0, 0.28706122516766275, -1.2567815554421424e-06, 0.9579122365872883, 0, 0.0010730141401290893, 0.001022491678595543, -0.051161885261535645, 1 ]
		},
		{
			"name": "pinky_02_l",
			"children": [ 39, 44, 47, 48, 49 ],
			"matrix": [ 0.94293296632478985, -1.3229947579822107e-06, -0.33298225567981465, 0, 8.009426779195783e-07, 0.99999999999822564, -1.7050743490036727e-06, 0, 0.3329822953760625, 1.3410712740146045e-06, 0.94293307873055876, 0, 4.3969839680357835e-08, -2.1881337488593999e-08, -0.032980189323425294, 1 ]
		},
		{
			"name": "pinky_03_l",
			"children": [ 40, 43 ],
			"matrix": [ 0.99999999998977418, 9.7198983364181596e-07, -4.4166474863896477e-06, 0, -9.7197562646487292e-07, 1.0000001192035588, 3.2429691464904183e-06, 0, 4.416650111991217e-06, -3.2429640804005689e-06, 0.99999988077569868, 0, -2.3335837795457338e-08, -1.3172056014809642e-08, -0.018260196447372437, 1 ]
		},
		{
			"name": "pinky_03_half_l",
			"children": [ 41, 42 ],
			"matrix": [ 0.99999994038322793, -1.4716379147247713e-06, 4.6998913027776242e-06, 0, 1.4716550212707166e-06, 0.99999994038764839, -3.6397732028479315e-06, 0, -4.6998862264478851e-06, 3.6397803363706524e-06, 0.99999999998233158, 0, 6.6296711338509344e-08, 9.6297844720538701e-09, 1.1215570339118131e-07, 1 ]
		},
		{
			"name": "pinky_03_in_l",
			"matrix": [ 0.012017192640021261, 0.99992456880910696, 0.0025148685230944501, 0, -0.97184809941684003, 0.011087854790285845, 0.23534725648714405, 0, 0.23530168959166442, -0.0052722850842221091, 0.97190832629549673, 0, -0.005256321430206299, -0.0010288204252719879, 0.00049213364720344542, 1 ]
		},
		{
			"name": "pinky_02_dip_l",
			"matrix": [ 0.088023181457896907, -0.9959310741502323, -0.019306429781117768, 0, 0.99325607246579906, 0.089221999536357233, -0.074037631580059271, 0, 0.075458958704568521, -0.012659204511182102, 0.99706848856188424, 0, 0.0066446310281753542, 0.00088736057281494144, -0.00016862658783793451, 1 ]
		},
		{
			"name": "pinky_03_bulge_l",
			"matrix": [ 0.0092256067893544628, 0.99995458701854623, 0.0023395857266895921, 0, -0.98867359914233754, 0.008770981473486374, 0.14982597458892796, 0, 0.14979866793905097, -0.0036953226098143071, 0.98870973601613166, 0, -0.0059731161594390875, -0.00015952778980135918, -0.0055437445640563968, 1 ]
		},
		{
			"name": "pinky_02_half_l",
			"children": [ 45, 46 ],
			"matrix": [ 0.99999994039018514, -1.5471811943074575e-06, 2.8189243383914874e-06, 0, 1.5471879898295029e-06, 0.99999999999597577, -2.3779640307911187e-06, 0, -2.8189204912181399e-06, 2.3779681087090427e-06, 0.99999988078390989, 0, 2.8652377750404413e-08, -3.7728929669356147e-09, -2.5362667656736447e-07, 1 ]
		},
		{
			"name": "pinky_02_in_l",
			"matrix": [ 0.0092207161458629505, 0.99995471431247285, 0.0023553594244831132, 0, -0.99909757367485219, 0.0093104319166177289, -0.041443848194190058, 0, -0.04146390079459162, -0.0019710919259424064, 0.99913817770421975, 0, -0.0061719477176666263, 0.0005418192595243454, -0.00072901956737041478, 1 ]
		},
		{
			"name": "pinky_02_pip_l",
			"matrix": [ 0.098978150903345274, -0.99484628368889305, 0.022004487591249212, 0, 0.98534141856928648, 0.10107223996979579, 0.137429725961845, 0, -0.13894547842816782, 0.0080793919000562847, 0.99026707379923162, 0, 0.0078746426105499277, 0.00084369271993637088, 0.0037556353211402895, 1 ]
		},
		{
			"name": "pinky_02_bulge_l",
			"matrix": [ 0.0092246066686579864, 0.99995468926437381, 0.0023507551974396336, 0, -0.99909744707646042, 0.0093141258058702103, -0.041443193720706886, 0, -0.041463206185960506, -0.0019663361208915745, 0.99913797727664988, 0, -0.0061686170101165772, 0.00076895914971828459, -0.0097919332981109622, 1 ]
		},
		{
			"name": "pinky_02_side_out_l",
			"matrix": [ -0.095094600696804296, 0.017664741725000346, 0.99531161564441606, 0, -0.017751132092909742, 0.99965371321141905, -0.019437793322730119, 0, -0.99531007867973254, -0.019516332504307198, -0.094748078939467573, 0, -0.00082659676671028139, 0.0063517451286315921, -0.012508326768875122, 1 ]
		},
		{
			"name": "pinky_02_side_inn_l",
			"matrix": [ 0.08838306856950319, -0.017795390679167265, -0.99592728711209444, 0, -0.037940229647335233, -0.99917512005744413, 0.014486436797708785, 0, -0.99536385511262027, 0.036505365127707357, -0.088985350877712047, 0, 0.0011536675691604615, -0.0072582066059112549, -0.012413538694381714, 1 ]
		},
		{
			"name": "pinky_01_side_inn_l",
			"matrix": [ 0.037709228149629737, -0.019218894660269697, -0.99910374364855636, 0, -0.10331203383517169, -0.99453248259629967, 0.01523164942728417, 0, -0.9939341582233131, 0.10264509661593521, -0.039488607152378334, 0, -0.0010483428090810776, -0.0083407360315322886, -0.02363271951675415, 1 ]
		},
		{
			"name": "pinky_01_side_out_l",
			"matrix": [ -0.037709247034979576, 0.019218948844979676, 0.99910392086776911, 0, 0.10331015964812293, 0.99453255556076903, -0.015231770850601262, 0, -0.99393423280238258, 0.10264321919615303, -0.039488591202820986, 0, 0.0020492295920848847, 0.0073863971233367924, -0.02027984142303467, 1 ]
		},
		{
			"name": "pinky_01_half_l",
			"children": [ 53, 54 ],
			"matrix": [ 0.99999999999768496, -4.1179914150471912e-07, 2.1119718846539335e-06, 0, 4.1180282378777605e-07, 0.99999999999839528, -1.7435283069672772e-06, 0, -2.1119710407837933e-06, 1.7435290727567895e-06, 0.99999994039160511, 0, -6.4514324549236335e-08, -1.1158904271724169e-08, -2.0920098904753105e-07, 1 ]
		},
		{
			"name": "pinky_01_palm_l",
			"matrix": [ 0.1268716632234721, 0.99174614544338202, -0.018524688097355177, 0, -0.95769983541712622, 0.11761041134418765, -0.262638639206142, 0, -0.25829216189003368, 0.051062491724823335, 0.96471654876632973, 0, -0.012941837310791016, 0.0032791659235954286, -0.0027985361218452456, 1 ]
		},
		{
			"name": "pinky_01_mcp_l",
			"matrix": [ 0.28103716747987706, -0.90578354606665235, 0.31713447962939723, 0, 0.9446870297481218, 0.31931667311402101, 0.074856639756659529, 0, -0.16907023957042644, 0.27855533158753831, 0.94542182106948891, 0, 0.0078788870573043828, 0.0024091950058937072, 0.0065002566576004032, 1 ]
		},
		{
			"name": "pinky_01_bulge_l",
			"matrix": [ -4.3832857471161326e-06, 0.99999994035736972, -7.533770791447652e-06, 0, -1.0000001191930803, -4.3832591539159217e-06, 3.6339244462129386e-06, 0, 3.6338909904095851e-06, 7.5337871689015766e-06, 0.99999999996501843, 0, -0.0074768418073654173, 0.00011318108998239041, -0.023142845630645753, 1 ]
		},
		{
			"name": "pinky_01_palmMid_l",
			"matrix": [ 0.0083242293501196718, 0.9944068106821804, -0.10528913559632254, 0, -0.98759672843319946, -0.008333963327162186, -0.15679045584251197, 0, -0.15679097293456593, 0.10528836556883056, 0.98200353913928262, 0, -0.0078943276405334471, -0.00067395314574241643, -0.013314272165298463, 1 ]
		},
		{
			"name": "pinky_metacarpal_slide_l",
			"matrix": [ 0.11472452888960585, -0.99069347936877172, -0.073245824630820314, 0, 0.96995104087108963, 0.095787072187741781, 0.22365163431860716, 0, -0.21455418710139776, -0.096703180694800647, 0.97191318236731439, 0, 0.004222721457481384, 0.0006087373942136765, -0.018823579549789429, 1 ]
		},
		{
			"name": "ring_metacarpal_l",
			"children": [ 59, 79 ],
			"matrix": [ 0.94808589625959794, 0.31692575508552079, -0.026295199099848277, 0, -0.30770133411104417, 0.93508438364919577, 0.17588873193903717, 0, 0.080331884859566799, -0.15866652984685808, 0.9840586176409557, 0, -0.0018119612336158753, 0.011815248727798463, -0.032571473121643067, 1 ]
		},
		{
			"name": "ring_01_l",
			"children": [ 60, 72, 75, 76, 77, 78 ],
			"matrix": [ 0.92058048503176815, 1.071099729067344e-06, -0.3905532089179663, 0, 0.0029423983287833566, 0.99997154095142038, 0.0069383261692360374, 0, 0.39054217141122838, -0.0075364521270275108, 0.92055444764335093, 0, 0.0018545016646385193, 0.0037211465835571291, -0.06019148826599121, 1 ]
		},
		{
			"name": "ring_02_l",
			"children": [ 61, 66, 69, 70, 71 ],
			"matrix": [ 0.95064910051500107, -1.7632250570920683e-06, -0.31026770580958879, 0, 1.7667280960228394e-06, 1.0000001192076924, -2.6972446818143707e-07, 0, 0.31026777978316328, -2.91745384857539e-07, 0.95064932716903283, 0, 1.4850220395601354e-07, -1.8045309388980968e-08, -0.035660109519958495, 1 ]
		},
		{
			"name": "ring_03_l",
			"children": [ 62, 65 ],
			"matrix": [ 0.99999994039512718, 2.3543077513558485e-07, 6.3294410789259911e-07, 0, -2.3543053409669984e-07, 0.99999999999989109, -4.0299240201557303e-07, 0, -6.3294420276934377e-07, 4.0299222898089276e-07, 0.99999994039507367, 0, 7.4222257353540045e-08, -1.032112049870193e-07, -0.024589953422546388, 1 ]
		},
		{
			"name": "ring_03_half_l",
			"children": [ 63, 64 ],
			"matrix": [ 0.99999994039439932, -1.3676457236277865e-06, 2.0334405838381408e-07, 0, 1.367645786496307e-06, 0.99999994039437223, -3.0917330091092053e-07, 0, -2.0334361130359436e-07, 3.0917354215692132e-07, 0.99999982118599717, 0, -2.2285073555394776e-08, 9.1364800027804452e-08, 3.7387760585261279e-08, 1 ]
		},
		{
			"name": "ring_03_in_l",
			"matrix": [ 0.077743472709663711, 0.99634291451289814, 0.035457382703759324, 0, -0.94174112856362679, 0.06171672247456908, 0.33062808615920292, 0, 0.32723063753566994, -0.059095851196715378, 0.94309517307915425, 0, -0.006785652041435242, -0.0018617001175880432, -0.00066213123500347137, 1 ]
		},
		{
			"name": "ring_02_dip_l",
			"matrix": [ -0.098355435644248895, -0.99473249000776598, -0.02887421030562452, 0, 0.99119935621623556, -0.095340364850611314, -0.091835791759572794, 0, 0.088599178625368133, -0.037652652460980471, 0.9953555654780637, 0, 0.0076332217454910282, -0.0010875591635704041, -0.0017110398411750794, 1 ]
		},
		{
			"name": "ring_03_bulge_l",
			"matrix": [ -0.061871334916889342, 0.99774677899420261, -0.02594808128351761, 0, -0.94188596104366151, -0.049767262758414046, 0.33222555218981631, 0, 0.33018562929824435, 0.044995374566383139, 0.9428429069910147, 0, -0.0097024869918823243, -0.0027883172035217288, -0.010475298166275024, 1 ]
		},
		{
			"name": "ring_02_half_l",
			"children": [ 67, 68 ],
			"matrix": [ 0.99999994039175988, 4.1924984489521453e-07, 2.6485861171943401e-06, 0, -4.1924597377847077e-07, 1.0000001192080918, -1.4898836804922261e-06, 0, -2.6485867418245951e-06, 1.4898823036660051e-06, 0.99999994039073781, 0, 2.1373452909756452e-08, -4.0206696212408136e-08, -9.4767510745441537e-08, 1 ]
		},
		{
			"name": "ring_02_in_l",
			"matrix": [ 0.077741841214250137, 0.99634290146653914, 0.035457964414929918, 0, -0.99511820642092896, 0.075379311991884301, 0.063700192882158585, 0, 0.060794416296175199, -0.040237021842400272, 0.99733873091510894, 0, -0.007571583986282349, -0.0021236720681190491, -0.0039481979608535769, 1 ]
		},
		{
			"name": "ring_02_pip_l",
			"matrix": [ -0.090892908680593229, -0.99566742675819975, -0.01961466887308581, 0, 0.99422707424960965, -0.091853887925709643, 0.055455107002934143, 0, -0.057016523888129909, -0.014460958007432318, 0.99826832017718803, 0, 0.0089187282323837276, -0.0011785190552473068, -0.0009617437422275543, 1 ]
		},
		{
			"name": "ring_02_bulge_l",
			"matrix": [ -0.061872175415239296, 0.99774691733398102, -0.025949945994916287, 0, -0.99605560596823273, -0.060068759965093976, 0.065306767608823868, 0, 0.063600818449340818, 0.029888248493753405, 0.99752757900055722, 0, -0.007996962666511535, -0.001916554719209671, -0.015567532777786256, 1 ]
		},
		{
			"name": "ring_02_side_out_l",
			"matrix": [ -0.14397838952987496, -0.035573179832279381, 0.98894117773289136, 0, 0.039151739298264911, 0.99836656570502857, 0.041612260343084677, 0, -0.98880602878046031, 0.044710030735887245, -0.1423504499431314, 0, 0.0021122673153877261, 0.0063188594579696652, -0.019304604530334474, 1 ]
		},
		{
			"name": "ring_02_side_inn_l",
			"matrix": [ 0.14438131243366531, 0.048921965253398772, -0.98831197439188778, 0, -0.051623611596377982, -0.99704468358160381, -0.056895870553136933, 0, -0.98817448089035154, 0.059234923372543574, -0.14142906614825784, 0, 0.0024948605895042421, -0.009606907367706299, -0.019290161132812501, 1 ]
		},
		{
			"name": "ring_01_half_l",
			"children": [ 73, 74 ],
			"matrix": [ 0.99999982118560882, 1.5648183850224006e-08, -9.5576609272899303e-07, 0, -1.5647666460839612e-08, 1.0000001192091401, 5.462139982366229e-07, 0, 9.5576627218043355e-07, -5.4621391816708862e-07, 0.99999999999939404, 0, 9.5915802376111977e-08, -1.6606458075330012e-08, 1.550988145027077e-08, 1 ]
		},
		{
			"name": "ring_01_palm_l",
			"matrix": [ 0.0025690847702036779, 0.99871588217640728, 0.050596309075308266, 0, -0.91736478170862301, 0.022493227670132288, -0.39741151466668678, 0, -0.39803926575670162, -0.045394288160298418, 0.91624456425033463, 0, -0.01982754945755005, -0.0041715240478515624, -0.00054730474948883057, 1 ]
		},
		{
			"name": "ring_01_mcp_l",
			"matrix": [ 0.12682336659060042, -0.99114154844892732, 0.039427186603688297, 0, 0.98984391952684414, 0.12903104350193009, 0.059671769241432054, 0, -0.06423046251011294, 0.03145896750708585, 0.99743899193412333, 0, 0.0082901370525360115, 0.0019499820470809937, 0.0052005857229232792, 1 ]
		},
		{
			"name": "ring_01_bulge_l",
			"matrix": [ -0.080433674462287552, 0.99656018371283928, -0.019961529733981725, 0, -0.99634061614063274, -0.080964551949515906, -0.027388281364829757, 0, -0.028910241850098033, 0.017685539564463566, 0.99942548516495044, 0, -0.01050284743309021, -0.0026707702875137331, -0.02468251943588257, 1 ]
		},
		{
			"name": "ring_01_side_out_l",
			"matrix": [ 0.04517080815105582, 0.084629254572227031, 0.99538798914943982, 0, 0.065847504284447009, 0.99398611860825536, -0.087498232051844441, 0, -0.99680657575593989, 0.06949616830689076, 0.039326524033300746, 0, -0.00040247015655040744, 0.0075906676054000857, -0.025810365676879884, 1 ]
		},
		{
			"name": "ring_01_side_inn_l",
			"matrix": [ 0.060410056625951211, -0.06324295654980279, -0.996168374494244, 0, -0.15408621112268325, -0.98661926852120041, 0.053292559922952697, 0, -0.98620893932326992, 0.15027635016035767, -0.069346568634308658, 0, -0.0018411685526371002, -0.011800457239151001, -0.025568935871124267, 1 ]
		},
		{
			"name": "ring_01_palmMid_l",
			"matrix": [ -0.080433621138630812, 0.99656018896425702, -0.019961482426046756, 0, -0.90300758634815237, -0.081332816982929365, -0.42185631287977771, 0, -0.42202855439204451, -0.015906054143112296, 0.90644292567710605, 0, -0.011821953058242797, -0.0031812939047813418, -0.013353372812271119, 1 ]
		},
		{
			"name": "ring_metacarpal_slide_l",
			"matrix": [ 0.087820811969883159, -0.98948068601406391, -0.11496169903908586, 0, 0.97790198233446213, 0.063656497981744983, 0.19913824356020818, 0, -0.18972529621865444, -0.12990969368080088, 0.97320502561438593, 0, 0.0052857816219329832, 0.0013609158992767335, -0.026633145809173586, 1 ]
		},
		{
			"name": "thumb_01_l",
			"children": [ 81, 95, 96 ],
			"matrix": [ 0.64836538176827485, -0.61842927386155411, 0.4440358131661718, 0, 0.75385177481000365, 0.43995200675192547, -0.48800611859827586, 0, 0.10644277173666444, 0.65114314873541501, 0.75145329819147377, 0, -0.01067696452140808, -0.026467912197113037, -0.020176236629486085, 1 ]
		},
		{
			"name": "thumb_02_l",
			"children": [ 82, 89, 92, 93, 94 ],
			"matrix": [ 0.91991563764915196, -7.2762283452690953e-09, -0.39211587825631017, 0, -5.3382835502596739e-08, 0.99999994039534346, -1.4379405731590191e-07, 0, 0.39211599511596568, 1.5321071414524244e-07, 0.91991591180541377, 0, 1.5395324226119556e-07, 2.8860862585133871e-07, -0.044062547683715821, 1 ]
		},
		{
			"name": "thumb_03_l",
			"children": [ 83, 86, 87, 88 ],
			"matrix": [ 0.99999994039443807, -1.1429782257719189e-06, -7.2654431170852566e-07, 0, 1.1429777492242115e-06, 0.99999999999906575, -7.4967825324194881e-07, 0, 7.2654508196282818e-07, 7.4967728876446024e-07, 0.99999982118552078, 0, 9.0250059656682429e-08, -2.0733081328216941e-07, -0.027362639904022216, 1 ]
		},
		{
			"name": "thumb_03_half_l",
			"children": [ 84, 85 ],
			"matrix": [ 1.0000001191960248, 2.8674421468041753e-06, 4.2786617452542173e-06, 0, -2.8674510479040921e-06, 1.0000001192030143, 2.0803422810789932e-06, 0, -4.2786557799669423e-06, -2.0803545499030411e-06, 1.0000001191979722, 0, 1.019117462419672e-07, -2.2743913632439218e-08, -1.3415630746749231e-07, 1 ]
		},
		{
			"name": "thumb_03_pip_l",
			"matrix": [ -0.096654087645221626, -0.99435990425987864, -0.043660610766108422, 0, 0.97038577759675315, -0.084385515656990762, -0.22634082653691184, 0, 0.22138002501414264, -0.064244432448534422, 0.97306937792806858, 0, 0.0059034967422485355, 0.0004315735399723053, -0.002593139111995697, 1 ]
		},
		{
			"name": "thumb_03_in_l",
			"matrix": [ 0.094903018950451182, 0.99508126522707441, 0.028393938632640923, 0, -0.98888288428559379, 0.090955319597392878, 0.11763202866073577, 0, 0.11447091637796021, -0.039241937966456662, 0.99265135774189117, 0, -0.011847624778747559, -0.00096145562827587127, 0.0016485115885734559, 1 ]
		},
		{
			"name": "thumb_03_side_out_l",
			"matrix": [ -0.98001732804462205, 0.04841567659296199, 0.19293055074538987, 0, 0.063770219486139493, 0.99520374554686275, 0.074184505076193355, 0, -0.18841353618688092, 0.085005334147117195, -0.9784045105285627, 0, -0.0067784523963928221, 0.010659666061401367, -0.0030744120478630069, 1 ]
		},
		{
			"name": "thumb_03_side_inn_l",
			"matrix": [ -0.96887705458181461, -0.18830973723448285, 0.16067574791345307, 0, 0.17861508455451547, -0.98121168562895245, -0.072914909793616464, 0, 0.17138757024662668, -0.041946485737771044, 0.98430879954879513, 0, -0.0041051703691482545, -0.010410277843475342, -0.0042690441012382509, 1 ]
		},
		{
			"name": "thumb_03_bulge_l",
			"matrix": [ 0.093830121930983224, 0.99409404517898614, 0.05452902342159021, 0, -0.99427867363474698, 0.096374435475537007, -0.046066536232860042, 0, -0.051049661029208611, -0.049894604474748736, 0.99744909593006525, 0, -0.014137862920761109, -3.1533436849713329e-05, -0.010424391031265259, 1 ]
		},
		{
			"name": "thumb_02_half_l",
			"children": [ 90, 91 ],
			"matrix": [ 1.0000001192073655, -1.0262872020390005e-08, 1.9615406525299265e-06, 0, 1.0262423891252629e-08, 1.0000001192092633, 2.2845777358368764e-07, 0, -1.961540304123748e-06, -2.28457712601664e-07, 0.99999994039340534, 0, 1.5026820619823412e-07, -2.1916499463259242e-07, -4.808121502719587e-08, 1 ]
		},
		{
			"name": "thumb_02_mcp_l",
			"matrix": [ -0.087538285937406535, -0.9822893329276563, -0.16566374525862942, 0, 0.99427842409458278, -0.096375679528318381, 0.046065437870078343, 0, -0.061215555205120113, -0.16068342682568831, 0.98510582789083256, 0, 0.0060153752565383911, -0.0057586169242858885, 0.0057276952266693115, 1 ]
		},
		{
			"name": "thumb_02_in_l",
			"matrix": [ -0.07123726446305885, 0.9971969258314064, 0.022878462687146675, 0, -0.99705449863296447, -0.07184290033927393, 0.026841154772258662, 0, 0.028409580606124182, -0.020898989931404786, 0.99937787045222848, 0, -0.012934869527816773, -0.0010731998085975647, -0.0072714734077453614, 1 ]
		},
		{
			"name": "thumb_02_side_out_l",
			"matrix": [ -0.97887440603277209, -0.17732794203018595, -0.10178260258672821, 0, -0.17762185019667479, 0.98407603004173161, -0.0062357817809088299, 0, 0.10126780305628497, 0.011974791269981664, -0.99478617254688029, 0, -0.0028494396805763245, 0.0098156136274337776, -0.011886461973190307, 1 ]
		},
		{
			"name": "thumb_02_side_inn_l",
			"matrix": [ -0.97887434327978917, -0.17732841994702803, -0.10178178785208321, 0, 0.17762244277598802, -0.98407634936351118, 0.0062354192156269155, 0, -0.10126692419399187, -0.011975056456635151, 0.99478613898721369, 0, -0.0019580052793025972, -0.010683724880218506, -0.010998971462249756, 1 ]
		},
		{
			"name": "thumb_02_bulge_l",
			"matrix": [ -0.07123736016953211, 0.99719690880417522, 0.022878906839877224, 0, -0.99705472233409687, -0.071842982351336487, 0.02683928741334966, 0, 0.028407743343414157, -0.020899562122383007, 0.99937779142957861, 0, -0.011819620132446289, -0.00060731675475835802, -0.018559153079986571, 1 ]
		},
		{
			"name": "thumb_01_side_out_l",
			"matrix": [ -0.6535409098392585, -0.75689135037909672, -3.6143814657967993e-05, 0, 0.75565712918253669, -0.65247248909533828, -0.057115606518136533, 0, 0.043206720549875746, -0.037354693328079717, 0.99836769008431125, 0, 0.005000376701354981, -0.014492838382720948, -0.0031500658392906188, 1 ]
		},
		{
			"name": "thumb_01_side_inn_l",
			"matrix": [ 0.93271552323859019, -0.096376050875630906, -0.34749625601720369, 0, -0.33938377566115474, 0.091151914666533884, -0.93622124505332449, 0, 0.12190424088740795, 0.99116256168644512, 0.05231033151703491, 0, -0.013598212003707887, 0.015437011718750001, -0.044595036506652835, 1 ]
		},
		{
			"name": "index_metacarpal_l",
			"children": [ 98, 118 ],
			"matrix": [ 0.97406558050370506, 0.22625642478446426, -0.0020676367505546075, 0, -0.22592092355590562, 0.97203559558298513, -0.06408133901528508, 0, -0.012488996651920303, 0.062886541594980527, 0.99794235816554777, 0, 0.0038947474956512454, -0.021011478900909424, -0.034711074829101567, 1 ]
		},
		{
			"name": "index_01_l",
			"children": [ 99, 111, 112, 113, 116, 117 ],
			"matrix": [ 0.92826529874198727, -1.3658350233720927e-06, -0.37191872116039498, 0, 1.1345742486793417e-06, 0.99999999999900302, -8.4063829457136125e-07, 0, 0.37191876549733888, 3.5836599673445346e-07, 0.92826540940045821, 0, 0.00050411302596330642, 0.0025368738174438477, -0.058592233657836917, 1 ]
		},
		{
			"name": "index_02_l",
			"children": [ 100, 105, 106, 107, 110 ],
			"matrix": [ 0.95963474745491117, -7.7788907813890279e-07, -0.28124863350549284, 0, 4.7364309877632191e-07, 0.99999999999922684, -1.1497467512282468e-06, 0, 0.28124865026989765, 9.7012551677586932e-07, 0.95963480465323625, 0, -2.6291567337466406e-07, 3.7356346638262042e-08, -0.036399633884429933, 1 ]
		},
		{
			"name": "index_03_l",
			"children": [ 101, 104 ],
			"matrix": [ 1.0000001192050412, 5.3296497265127983e-07, 2.8657282568251197e-06, 0, -5.3296169433710956e-07, 1.0000001192084931, -1.1439732266782276e-06, 0, -2.8657288665204245e-06, 1.1439716993501627e-06, 1.0000001192045289, 0, -9.0543571786838589e-08, 1.1624575790847303e-08, -0.024070374965667725, 1 ]
		},
		{
			"name": "index_03_half_l",
			"children": [ 102, 103 ],
			"matrix": [ 1.0000001192010983, -1.2543301044042534e-06, -3.8482439628801476e-06, 0, 1.254335270573061e-06, 0.99999988078891533, 1.4201846490213563e-06, 0, 3.8482417227465073e-06, -1.4201896452970788e-06, 0.99999999999158706, 0, -2.3431684326169489e-09, 3.8842090361868033e-08, 2.8402053430909291e-07, 1 ]
		},
		{
			"name": "index_03_in_l",
			"matrix": [ 0.063723557295347566, 0.99794900588322255, -0.006109690737508785, 0, -0.98797530542682677, 0.063948507784778813, 0.14076797447381936, 0, 0.14086993220602195, -0.0029340118147558047, 0.99002376424757688, 0, -0.0076803225278854375, 0.0010554937273263931, 0.0014909447729587555, 1 ]
		},
		{
			"name": "index_02_dip_l",
			"matrix": [ -0.15693510879965777, -0.98745690211629256, -0.017327379748091051, 0, 0.98223767186890942, -0.15423029373342215, -0.10687177555411187, 0, 0.10285889619849223, -0.033791548938216925, 0.99412181280423773, 0, 0.0068884211778640746, -0.00020693542435765267, -0.00024619411677122115, 1 ]
		},
		{
			"name": "index_03_bulge_l",
			"matrix": [ 0.032086080191314766, 0.99944627483410597, 0.0087835266882794784, 0, -0.99920523963992303, 0.031867977296223558, 0.023936655391566055, 0, 0.023643496289578233, -0.0095445827472601941, 0.99967483053946071, 0, -0.010221004486083984, 0.0013019157946109771, -0.011082578897476197, 1 ]
		},
		{
			"name": "index_02_side_inn_l",
			"matrix": [ 0.037404561436533125, 0.011228442105829031, -0.99923705979228505, 0, -0.13091808968523799, -0.99126355028741386, -0.016039516306708489, 0, -0.99068731519915421, 0.13141815025067521, -0.035607770053496912, 0, 1.7169810598716142e-05, -0.0081541132926940922, -0.014939314126968384, 1 ]
		},
		{
			"name": "index_02_side_out_l",
			"matrix": [ 0.096818020948368805, -0.028882974871276171, 0.99488316973373403, 0, 0.13091847881362673, 0.99126335230481544, 0.016037427264349913, 0, -0.98665449339976874, 0.12869588688085445, 0.09975347708832813, 0, -0.00064286723732948309, 0.00875839352607727, -0.014205570220947266, 1 ]
		},
		{
			"name": "index_02_half_l",
			"children": [ 108, 109 ],
			"matrix": [ 0.99999994037169027, 3.8947257704514392e-06, -5.671065757337795e-06, 0, -3.8947077637399642e-06, 0.99999999998724387, 3.2161321019223713e-06, 0, 5.6710792972859121e-06, -3.2161103980913015e-06, 1.0000001191880372, 0, -2.7343207875674124e-08, -1.1280199032626116e-08, -1.0472730537003372e-07, 1 ]
		},
		{
			"name": "index_02_in_l",
			"matrix": [ 0.1154754573889254, 0.99324291881200577, 0.011572509262298034, 0, -0.99286728852732198, 0.11506818934770535, 0.031206716787328212, 0, 0.029664222781363304, -0.015093575787338553, 0.99944595544568071, 0, -0.0093761146068573002, 0.00034733153879642489, -0.00011387670412659646, 1 ]
		},
		{
			"name": "index_02_pip_l",
